[1] "P="
[1] 0.9910384
[1] 3 2 3 1 1
[1] 10
[1] "P="
[1] 0.990553
[1] 3 2 3 1 2
[1] 11
[1] "P="
[1] 0.9902543
[1] 3 2 3 1 3
[1] 12
[1] "P="
[1] 0.9917105
[1] 3 2 3 1 4
[1] 13
[1] "P="
[1] 0.9912065
[1] 3 2 3 2 1
[1] 11
[1] "P="
[1] 0.9907397
[1] 3 2 3 2 2
[1] 12
[1] "P="
[1] 0.9908517
[1] 3 2 3 2 3
[1] 13
[1] "P="
[1] 0.9911878
[1] 3 2 3 2 4
[1] 14
[1] "P="
[1] 0.9908704
[1] 3 2 3 3 1
[1] 12
[1] "P="
[1] 0.9910011
[1] 3 2 3 3 2
[1] 13
[1] "P="
[1] 0.9904783
[1] 3 2 3 3 3
[1] 14
[1] "P="
[1] 0.9911318
[1] 3 2 3 3 4
[1] 15
[1] "P="
[1] 0.9915985
[1] 3 2 3 4 1
[1] 13
[1] "P="
[1] 0.9902916
[1] 3 2 3 4 2
[1] 14
[1] "P="
[1] 0.9912811
[1] 3 2 3 4 3
[1] 15
[1] "P="
[1] 0.990665
[1] 3 2 3 4 4
[1] 16
[1] "P="
[1] 0.9953325
[1] 3 2 4 1 1
[1] 11
[1] "P="
[1] 0.9950898
[1] 3 2 4 1 2
[1] 12
[1] "P="
[1] 0.9954445
[1] 3 2 4 1 3
[1] 13
[1] "P="
[1] 0.9950711
[1] 3 2 4 1 4
[1] 14
[1] "P="
[1] 0.9950525
[1] 3 2 4 2 1
[1] 12
[1] "P="
[1] 0.9954632
[1] 3 2 4 2 2
[1] 13
[1] "P="
[1] 0.9954259
[1] 3 2 4 2 3
[1] 14
[1] "P="
[1] 0.9952578
[1] 3 2 4 2 4
[1] 15
[1] "P="
[1] 0.9947537
[1] 3 2 4 3 1
[1] 13
[1] "P="
[1] 0.9953138
[1] 3 2 4 3 2
[1] 14
[1] "P="
[1] 0.9954445
[1] 3 2 4 3 3
[1] 15
[1] "P="
[1] 0.9957059
[1] 3 2 4 3 4
[1] 16
[1] "P="
[1] 0.9954819
[1] 3 2 4 4 1
[1] 14
[1] "P="
[1] 0.9954632
[1] 3 2 4 4 2
[1] 15
[1] "P="
[1] 0.9946044
[1] 3 2 4 4 3
[1] 16
[1] "P="
[1] 0.9948844
[1] 3 2 4 4 4
[1] 17