[1] "P="
[1] 0.990497
[1] 3 2 3
[1] 8
[1] "P="
[1] 0.9957059
[1] 3 2 4
[1] 9
[1] "P="
[1] 0.9920466
[1] 3 3 3
[1] 9
[1] "P="
[1] 0.9964527
[1] 3 3 4
[1] 10
[1] "P="
[1] 0.9916545
[1] 3 4 3
[1] 10
[1] "P="
[1] 0.996042
[1] 3 4 4
[1] 11
[1] "P="
[1] 0.9924573
[1] 4 2 3
[1] 9
[1] "P="
[1] 0.9970875
[1] 4 2 4
[1] 10
[1] "P="
[1] 0.9930361
[1] 4 3 3
[1] 10
[1] "P="
[1] 0.997909
[1] 4 3 4
[1] 11
[1] "P="
[1] 0.9933722
[1] 4 4 3
[1] 11
[1] "P="
[1] 0.997965
[1] 4 4 4
[1] 12